-13.153282454861717 2.2458300214076856
-13.153282454861717 2.294338389101113
-13.088417589996853 2.294338389101113
-13.153282454861717 2.2458300214076856
-13.153282454861717 2.294338389101113
-13.088417589996853 2.294338389101113
-13.153282454861717 2.2458300214076856
-13.153282454861717 2.294338389101113
-13.088417589996853 2.294338389101113
-13.153282454861717 2.2458300214076856
-13.153282454861717 2.294338389101113
-13.088417589996853 2.294338389101113
-13.153282454861717 2.2458300214076856
-13.153282454861717 2.294338389101113
-13.088417589996853 2.294338389101113
-13.153282454861717 2.2458300214076856
-13.153282454861717 2.294338389101113
-13.088417589996853 2.294338389101113
-13.153282454861717 2.2458300214076856
-13.153282454861717 2.294338389101113
-13.088417589996853 2.294338389101113
-13.153282454861717 2.2458300214076856
-13.153282454861717 2.294338389101113
-13.088417589996853 2.294338389101113
-13.153282454861717 2.2458300214076856
-13.153282454861717 2.294338389101113
-13.088417589996853 2.294338389101113
-13.153282454861717 2.2458300214076856
-13.153282454861717 2.294338389101113
-13.088417589996853 2.294338389101113
-13.153282454861717 2.2458300214076856
-13.153282454861717 2.294338389101113
-13.088417589996853 2.294338389101113
-13.153282454861717 2.2458300214076856
-13.153282454861717 2.294338389101113
-13.088417589996853 2.294338389101113
-13.153282454861717 2.2458300214076856
-13.153282454861717 2.294338389101113
-13.088417589996853 2.294338389101113
-13.153282454861717 2.2458300214076856
-13.153282454861717 2.294338389101113
-13.088417589996853 2.294338389101113
-13.153282454861717 2.2458300214076856
-13.153282454861717 2.294338389101113
-13.088417589996853 2.294338389101113
-13.153282454861717 2.2458300214076856
-13.153282454861717 2.294338389101113
-13.088417589996853 2.294338389101113
-13.153282454861717 2.2458300214076856
-13.153282454861717 2.294338389101113
-13.088417589996853 2.294338389101113
-13.090547120496234 2.2372113035472774
-13.090547120496234 2.2857196712407046
-13.02568225563137 2.2857196712407046
-13.090547120496234 2.2372113035472774
-13.090547120496234 2.2857196712407046
-13.02568225563137 2.2857196712407046
-13.090547120496234 2.2372113035472774
-13.090547120496234 2.2857196712407046
-13.02568225563137 2.2857196712407046
-13.090547120496234 2.2372113035472774
-13.090547120496234 2.2857196712407046
-13.02568225563137 2.2857196712407046
-13.090547120496234 2.2372113035472774
-13.090547120496234 2.2857196712407046
-13.02568225563137 2.2857196712407046
-13.090547120496234 2.2372113035472774
-13.090547120496234 2.2857196712407046
-13.02568225563137 2.2857196712407046
-13.090547120496234 2.2372113035472774
-13.090547120496234 2.2857196712407046
-13.02568225563137 2.2857196712407046
-13.090547120496234 2.2372113035472774
-13.090547120496234 2.2857196712407046
-13.02568225563137 2.2857196712407046
-13.090547120496234 2.2372113035472774
-13.090547120496234 2.2857196712407046
-13.02568225563137 2.2857196712407046
-13.090547120496234 2.2372113035472774
-13.090547120496234 2.2857196712407046
-13.02568225563137 2.2857196712407046
-13.090547120496234 2.2372113035472774
-13.090547120496234 2.2857196712407046
-13.02568225563137 2.2857196712407046
-13.090547120496234 2.2372113035472774
-13.090547120496234 2.2857196712407046
-13.02568225563137 2.2857196712407046
-13.090547120496234 2.2372113035472774
-13.090547120496234 2.2857196712407046
-13.02568225563137 2.2857196712407046
-13.090547120496234 2.2372113035472774
-13.090547120496234 2.2857196712407046
-13.02568225563137 2.2857196712407046
-13.090547120496234 2.2372113035472774
-13.090547120496234 2.2857196712407046
-13.02568225563137 2.2857196712407046
-13.090547120496234 2.2372113035472774
-13.090547120496234 2.2857196712407046
-13.02568225563137 2.2857196712407046
-13.090547120496234 2.2372113035472774
-13.090547120496234 2.2857196712407046
-13.02568225563137 2.2857196712407046
-13.090547120496234 2.2372113035472774
-13.090547120496234 2.2857196712407046
-13.02568225563137 2.2857196712407046
-13.090547120496234 2.2372113035472774
-13.090547120496234 2.2857196712407046
-13.02568225563137 2.2857196712407046
-13.090547120496234 2.2372113035472774
-13.090547120496234 2.2857196712407046
-13.02568225563137 2.2857196712407046
-13.090547120496234 2.2372113035472774
-13.090547120496234 2.2857196712407046
-13.02568225563137 2.2857196712407046
-13.090547120496234 2.2372113035472774
-13.090547120496234 2.2857196712407046
-13.02568225563137 2.2857196712407046
-13.090547120496234 2.2372113035472774
-13.090547120496234 2.2857196712407046
-13.02568225563137 2.2857196712407046
-13.090547120496234 2.2372113035472774
-13.090547120496234 2.2857196712407046
-13.02568225563137 2.2857196712407046
-13.027811149070796 2.228596625335079
-13.027811149070796 2.277104993028506
-12.962946284205932 2.277104993028506
-13.027811149070796 2.228596625335079
-13.027811149070796 2.277104993028506
-12.962946284205932 2.277104993028506
-13.027811149070796 2.228596625335079
-13.027811149070796 2.277104993028506
-12.962946284205932 2.277104993028506
-13.027811149070796 2.228596625335079
-13.027811149070796 2.277104993028506
-12.962946284205932 2.277104993028506
-13.027811149070796 2.228596625335079
-13.027811149070796 2.277104993028506
-12.962946284205932 2.277104993028506
-13.027811149070796 2.228596625335079
-13.027811149070796 2.277104993028506
-12.962946284205932 2.277104993028506
-13.027811149070796 2.228596625335079
-13.027811149070796 2.277104993028506
-12.962946284205932 2.277104993028506
-13.027811149070796 2.228596625335079
-13.027811149070796 2.277104993028506
-12.962946284205932 2.277104993028506
-13.027811149070796 2.228596625335079
-13.027811149070796 2.277104993028506
-12.962946284205932 2.277104993028506
-13.027811149070796 2.228596625335079
-13.027811149070796 2.277104993028506
-12.962946284205932 2.277104993028506
-13.027811149070796 2.228596625335079
-13.027811149070796 2.277104993028506
-12.962946284205932 2.277104993028506
-13.027811149070796 2.228596625335079
-13.027811149070796 2.277104993028506
-12.962946284205932 2.277104993028506
-13.027811149070796 2.228596625335079
-13.027811149070796 2.277104993028506
-12.962946284205932 2.277104993028506
-13.027811149070796 2.228596625335079
-13.027811149070796 2.277104993028506
-12.962946284205932 2.277104993028506
-13.027811149070796 2.228596625335079
-13.027811149070796 2.277104993028506
-12.962946284205932 2.277104993028506
-13.027811149070796 2.228596625335079
-13.027811149070796 2.277104993028506
-12.962946284205932 2.277104993028506
-13.027811149070796 2.228596625335079
-13.027811149070796 2.277104993028506
-12.962946284205932 2.277104993028506
-13.027811149070796 2.228596625335079
-13.027811149070796 2.277104993028506
-12.962946284205932 2.277104993028506
-13.027811149070796 2.228596625335079
-13.027811149070796 2.277104993028506
-12.962946284205932 2.277104993028506
-13.027811149070796 2.228596625335079
-13.027811149070796 2.277104993028506
-12.962946284205932 2.277104993028506
-13.027811149070796 2.228596625335079
-13.027811149070796 2.277104993028506
-12.962946284205932 2.277104993028506
-13.027811149070796 2.228596625335079
-13.027811149070796 2.277104993028506
-12.962946284205932 2.277104993028506
-13.027811149070796 2.228596625335079
-13.027811149070796 2.277104993028506
-12.962946284205932 2.277104993028506
-12.965074543769532 2.219985963509257
-12.965074543769532 2.2684943312026844
-12.900209678904668 2.2684943312026844
-12.965074543769532 2.219985963509257
-12.965074543769532 2.2684943312026844
-12.900209678904668 2.2684943312026844
-12.965074543769532 2.219985963509257
-12.965074543769532 2.2684943312026844
-12.900209678904668 2.2684943312026844
-12.965074543769532 2.219985963509257
-12.965074543769532 2.2684943312026844
-12.900209678904668 2.2684943312026844
-12.965074543769532 2.219985963509257
-12.965074543769532 2.2684943312026844
-12.900209678904668 2.2684943312026844
-12.965074543769532 2.219985963509257
-12.965074543769532 2.2684943312026844
-12.900209678904668 2.2684943312026844
-12.965074543769532 2.219985963509257
-12.965074543769532 2.2684943312026844
-12.900209678904668 2.2684943312026844
-12.965074543769532 2.219985963509257
-12.965074543769532 2.2684943312026844
-12.900209678904668 2.2684943312026844
-12.965074543769532 2.219985963509257
-12.965074543769532 2.2684943312026844
-12.900209678904668 2.2684943312026844
-12.965074543769532 2.219985963509257
-12.965074543769532 2.2684943312026844
-12.900209678904668 2.2684943312026844
-12.965074543769532 2.219985963509257
-12.965074543769532 2.2684943312026844
-12.900209678904668 2.2684943312026844
-12.965074543769532 2.219985963509257
-12.965074543769532 2.2684943312026844
-12.900209678904668 2.2684943312026844
-12.965074543769532 2.219985963509257
-12.965074543769532 2.2684943312026844
-12.900209678904668 2.2684943312026844
-12.965074543769532 2.219985963509257
-12.965074543769532 2.2684943312026844
-12.900209678904668 2.2684943312026844
-12.965074543769532 2.219985963509257
-12.965074543769532 2.2684943312026844
-12.900209678904668 2.2684943312026844
-12.965074543769532 2.219985963509257
-12.965074543769532 2.2684943312026844
-12.900209678904668 2.2684943312026844
-12.965074543769532 2.219985963509257
-12.965074543769532 2.2684943312026844
-12.900209678904668 2.2684943312026844
-12.965074543769532 2.219985963509257
-12.965074543769532 2.2684943312026844
-12.900209678904668 2.2684943312026844
-12.965074543769532 2.219985963509257
-12.965074543769532 2.2684943312026844
-12.900209678904668 2.2684943312026844
-12.965074543769532 2.219985963509257
-12.965074543769532 2.2684943312026844
-12.900209678904668 2.2684943312026844
-12.965074543769532 2.219985963509257
-12.965074543769532 2.2684943312026844
-12.900209678904668 2.2684943312026844
-12.965074543769532 2.219985963509257
-12.965074543769532 2.2684943312026844
-12.900209678904668 2.2684943312026844
-12.965074543769532 2.219985963509257
-12.965074543769532 2.2684943312026844
-12.900209678904668 2.2684943312026844
-12.965074543769532 2.219985963509257
-12.965074543769532 2.2684943312026844
-12.900209678904668 2.2684943312026844
-12.902337307759652 2.211379294846342
-12.902337307759652 2.2598876625397692
-12.837472442894788 2.2598876625397692
-12.902337307759652 2.211379294846342
-12.902337307759652 2.2598876625397692
-12.837472442894788 2.2598876625397692
-12.902337307759652 2.211379294846342
-12.902337307759652 2.2598876625397692
-12.837472442894788 2.2598876625397692
-12.902337307759652 2.211379294846342
-12.902337307759652 2.2598876625397692
-12.837472442894788 2.2598876625397692
-12.902337307759652 2.211379294846342
-12.902337307759652 2.2598876625397692
-12.837472442894788 2.2598876625397692
-12.902337307759652 2.211379294846342
-12.902337307759652 2.2598876625397692
-12.837472442894788 2.2598876625397692
-12.902337307759652 2.211379294846342
-12.902337307759652 2.2598876625397692
-12.837472442894788 2.2598876625397692
-12.902337307759652 2.211379294846342
-12.902337307759652 2.2598876625397692
-12.837472442894788 2.2598876625397692
-12.902337307759652 2.211379294846342
-12.902337307759652 2.2598876625397692
-12.837472442894788 2.2598876625397692
-12.902337307759652 2.211379294846342
-12.902337307759652 2.2598876625397692
-12.837472442894788 2.2598876625397692
-12.902337307759652 2.211379294846342
-12.902337307759652 2.2598876625397692
-12.837472442894788 2.2598876625397692
-12.902337307759652 2.211379294846342
-12.902337307759652 2.2598876625397692
-12.837472442894788 2.2598876625397692
-12.902337307759652 2.211379294846342
-12.902337307759652 2.2598876625397692
-12.837472442894788 2.2598876625397692
-12.902337307759652 2.211379294846342
-12.902337307759652 2.2598876625397692
-12.837472442894788 2.2598876625397692
-12.902337307759652 2.211379294846342
-12.902337307759652 2.2598876625397692
-12.837472442894788 2.2598876625397692
-12.902337307759652 2.211379294846342
-12.902337307759652 2.2598876625397692
-12.837472442894788 2.2598876625397692
-12.902337307759652 2.211379294846342
-12.902337307759652 2.2598876625397692
-12.837472442894788 2.2598876625397692
-12.902337307759652 2.211379294846342
-12.902337307759652 2.2598876625397692
-12.837472442894788 2.2598876625397692
-12.902337307759652 2.211379294846342
-12.902337307759652 2.2598876625397692
-12.837472442894788 2.2598876625397692
-12.902337307759652 2.211379294846342
-12.902337307759652 2.2598876625397692
-12.837472442894788 2.2598876625397692
-12.902337307759652 2.211379294846342
-12.902337307759652 2.2598876625397692
-12.837472442894788 2.2598876625397692
-12.902337307759652 2.211379294846342
-12.902337307759652 2.2598876625397692
-12.837472442894788 2.2598876625397692
-12.902337307759652 2.211379294846342
-12.902337307759652 2.2598876625397692
-12.837472442894788 2.2598876625397692
-12.839599444220372 2.202776596164338
-12.839599444220372 2.251284963857765
-12.774734579355508 2.251284963857765
-12.839599444220372 2.202776596164338
-12.839599444220372 2.251284963857765
-12.774734579355508 2.251284963857765
-12.839599444220372 2.202776596164338
-12.839599444220372 2.251284963857765
-12.774734579355508 2.251284963857765
-12.839599444220372 2.202776596164338
-12.839599444220372 2.251284963857765
-12.774734579355508 2.251284963857765
-12.839599444220372 2.202776596164338
-12.839599444220372 2.251284963857765
-12.774734579355508 2.251284963857765
-12.839599444220372 2.202776596164338
-12.839599444220372 2.251284963857765
-12.774734579355508 2.251284963857765
-12.839599444220372 2.202776596164338
-12.839599444220372 2.251284963857765
-12.774734579355508 2.251284963857765
-12.839599444220372 2.202776596164338
-12.839599444220372 2.251284963857765
-12.774734579355508 2.251284963857765
-12.839599444220372 2.202776596164338
-12.839599444220372 2.251284963857765
-12.774734579355508 2.251284963857765
-12.839599444220372 2.202776596164338
-12.839599444220372 2.251284963857765
-12.774734579355508 2.251284963857765
-12.839599444220372 2.202776596164338
-12.839599444220372 2.251284963857765
-12.774734579355508 2.251284963857765
-12.839599444220372 2.202776596164338
-12.839599444220372 2.251284963857765
-12.774734579355508 2.251284963857765
-12.839599444220372 2.202776596164338
-12.839599444220372 2.251284963857765
-12.774734579355508 2.251284963857765
-12.839599444220372 2.202776596164338
-12.839599444220372 2.251284963857765
-12.774734579355508 2.251284963857765
-12.839599444220372 2.202776596164338
-12.839599444220372 2.251284963857765
-12.774734579355508 2.251284963857765
-12.839599444220372 2.202776596164338
-12.839599444220372 2.251284963857765
-12.774734579355508 2.251284963857765
-12.839599444220372 2.202776596164338
-12.839599444220372 2.251284963857765
-12.774734579355508 2.251284963857765
-12.839599444220372 2.202776596164338
-12.839599444220372 2.251284963857765
-12.774734579355508 2.251284963857765
-12.839599444220372 2.202776596164338
-12.839599444220372 2.251284963857765
-12.774734579355508 2.251284963857765
-12.839599444220372 2.202776596164338
-12.839599444220372 2.251284963857765
-12.774734579355508 2.251284963857765
-12.839599444220372 2.202776596164338
-12.839599444220372 2.251284963857765
-12.774734579355508 2.251284963857765
-12.839599444220372 2.202776596164338
-12.839599444220372 2.251284963857765
-12.774734579355508 2.251284963857765
-12.839599444220372 2.202776596164338
-12.839599444220372 2.251284963857765
-12.774734579355508 2.251284963857765
-12.839599444220372 2.202776596164338
-12.839599444220372 2.251284963857765
-12.774734579355508 2.251284963857765
-12.776860956323915 2.1941778443204925
-12.776860956323915 2.2426862120139197
-12.711996091459051 2.2426862120139197
-12.776860956323915 2.1941778443204925
-12.776860956323915 2.2426862120139197
-12.711996091459051 2.2426862120139197
-12.776860956323915 2.1941778443204925
-12.776860956323915 2.2426862120139197
-12.711996091459051 2.2426862120139197
-12.776860956323915 2.1941778443204925
-12.776860956323915 2.2426862120139197
-12.711996091459051 2.2426862120139197
-12.776860956323915 2.1941778443204925
-12.776860956323915 2.2426862120139197
-12.711996091459051 2.2426862120139197
-12.776860956323915 2.1941778443204925
-12.776860956323915 2.2426862120139197
-12.711996091459051 2.2426862120139197
-12.776860956323915 2.1941778443204925
-12.776860956323915 2.2426862120139197
-12.711996091459051 2.2426862120139197
-12.776860956323915 2.1941778443204925
-12.776860956323915 2.2426862120139197
-12.711996091459051 2.2426862120139197
-12.776860956323915 2.1941778443204925
-12.776860956323915 2.2426862120139197
-12.711996091459051 2.2426862120139197
-12.776860956323915 2.1941778443204925
-12.776860956323915 2.2426862120139197
-12.711996091459051 2.2426862120139197
-12.776860956323915 2.1941778443204925
-12.776860956323915 2.2426862120139197
-12.711996091459051 2.2426862120139197
-12.776860956323915 2.1941778443204925
-12.776860956323915 2.2426862120139197
-12.711996091459051 2.2426862120139197
-12.776860956323915 2.1941778443204925
-12.776860956323915 2.2426862120139197
-12.711996091459051 2.2426862120139197
-12.776860956323915 2.1941778443204925
-12.776860956323915 2.2426862120139197
-12.711996091459051 2.2426862120139197
-12.776860956323915 2.1941778443204925
-12.776860956323915 2.2426862120139197
-12.711996091459051 2.2426862120139197
-12.776860956323915 2.1941778443204925
-12.776860956323915 2.2426862120139197
-12.711996091459051 2.2426862120139197
-12.776860956323915 2.1941778443204925
-12.776860956323915 2.2426862120139197
-12.711996091459051 2.2426862120139197
-12.776860956323915 2.1941778443204925
-12.776860956323915 2.2426862120139197
-12.711996091459051 2.2426862120139197
-12.776860956323915 2.1941778443204925
-12.776860956323915 2.2426862120139197
-12.711996091459051 2.2426862120139197
-12.776860956323915 2.1941778443204925
-12.776860956323915 2.2426862120139197
-12.711996091459051 2.2426862120139197
-12.776860956323915 2.1941778443204925
-12.776860956323915 2.2426862120139197
-12.711996091459051 2.2426862120139197
-12.776860956323915 2.1941778443204925
-12.776860956323915 2.2426862120139197
-12.711996091459051 2.2426862120139197
-12.776860956323915 2.1941778443204925
-12.776860956323915 2.2426862120139197
-12.711996091459051 2.2426862120139197
-12.776860956323915 2.1941778443204925
-12.776860956323915 2.2426862120139197
-12.711996091459051 2.2426862120139197
-12.71411932301681 2.1855826704902444
-12.71411932301681 2.2340910381836716
-12.649254458151946 2.2340910381836716
-12.71411932301681 2.1855826704902444
-12.71411932301681 2.2340910381836716
-12.649254458151946 2.2340910381836716
-12.71411932301681 2.1855826704902444
-12.71411932301681 2.2340910381836716
-12.649254458151946 2.2340910381836716
-12.71411932301681 2.1855826704902444
-12.71411932301681 2.2340910381836716
-12.649254458151946 2.2340910381836716
-12.71411932301681 2.1855826704902444
-12.71411932301681 2.2340910381836716
-12.649254458151946 2.2340910381836716
-12.71411932301681 2.1855826704902444
-12.71411932301681 2.2340910381836716
-12.649254458151946 2.2340910381836716
-12.71411932301681 2.1855826704902444
-12.71411932301681 2.2340910381836716
-12.649254458151946 2.2340910381836716
-12.71411932301681 2.1855826704902444
-12.71411932301681 2.2340910381836716
-12.649254458151946 2.2340910381836716
-12.71411932301681 2.1855826704902444
-12.71411932301681 2.2340910381836716
-12.649254458151946 2.2340910381836716
-12.71411932301681 2.1855826704902444
-12.71411932301681 2.2340910381836716
-12.649254458151946 2.2340910381836716
-12.71411932301681 2.1855826704902444
-12.71411932301681 2.2340910381836716
-12.649254458151946 2.2340910381836716
-12.71411932301681 2.1855826704902444
-12.71411932301681 2.2340910381836716
-12.649254458151946 2.2340910381836716
-12.71411932301681 2.1855826704902444
-12.71411932301681 2.2340910381836716
-12.649254458151946 2.2340910381836716
-12.71411932301681 2.1855826704902444
-12.71411932301681 2.2340910381836716
-12.649254458151946 2.2340910381836716
-12.71411932301681 2.1855826704902444
-12.71411932301681 2.2340910381836716
-12.649254458151946 2.2340910381836716
-12.71411932301681 2.1855826704902444
-12.71411932301681 2.2340910381836716
-12.649254458151946 2.2340910381836716
-12.71411932301681 2.1855826704902444
-12.71411932301681 2.2340910381836716
-12.649254458151946 2.2340910381836716
-12.71411932301681 2.1855826704902444
-12.71411932301681 2.2340910381836716
-12.649254458151946 2.2340910381836716
-12.71411932301681 2.1855826704902444
-12.71411932301681 2.2340910381836716
-12.649254458151946 2.2340910381836716
-12.71411932301681 2.1855826704902444
-12.71411932301681 2.2340910381836716
-12.649254458151946 2.2340910381836716
-12.71411932301681 2.1855826704902444
-12.71411932301681 2.2340910381836716
-12.649254458151946 2.2340910381836716
-12.71411932301681 2.1855826704902444
-12.71411932301681 2.2340910381836716
-12.649254458151946 2.2340910381836716
-12.71411932301681 2.1855826704902444
-12.71411932301681 2.2340910381836716
-12.649254458151946 2.2340910381836716
-12.71411932301681 2.1855826704902444
-12.71411932301681 2.2340910381836716
-12.649254458151946 2.2340910381836716
-12.651379595884125 2.176991743206884
-12.651379595884125 2.2255001109003114
-12.58651473101926 2.2255001109003114
-12.651379595884125 2.176991743206884
-12.651379595884125 2.2255001109003114
-12.58651473101926 2.2255001109003114
-12.651379595884125 2.176991743206884
-12.651379595884125 2.2255001109003114
-12.58651473101926 2.2255001109003114
-12.651379595884125 2.176991743206884
-12.651379595884125 2.2255001109003114
-12.58651473101926 2.2255001109003114
-12.651379595884125 2.176991743206884
-12.651379595884125 2.2255001109003114
-12.58651473101926 2.2255001109003114
-12.651379595884125 2.176991743206884
-12.651379595884125 2.2255001109003114
-12.58651473101926 2.2255001109003114
-12.651379595884125 2.176991743206884
-12.651379595884125 2.2255001109003114
-12.58651473101926 2.2255001109003114
-12.651379595884125 2.176991743206884
-12.651379595884125 2.2255001109003114
-12.58651473101926 2.2255001109003114
-12.651379595884125 2.176991743206884
-12.651379595884125 2.2255001109003114
-12.58651473101926 2.2255001109003114
-12.651379595884125 2.176991743206884
-12.651379595884125 2.2255001109003114
-12.58651473101926 2.2255001109003114
-12.651379595884125 2.176991743206884
-12.651379595884125 2.2255001109003114
-12.58651473101926 2.2255001109003114
-12.651379595884125 2.176991743206884
-12.651379595884125 2.2255001109003114
-12.58651473101926 2.2255001109003114
-12.651379595884125 2.176991743206884
-12.651379595884125 2.2255001109003114
-12.58651473101926 2.2255001109003114
-12.651379595884125 2.176991743206884
-12.651379595884125 2.2255001109003114
-12.58651473101926 2.2255001109003114
-12.651379595884125 2.176991743206884
-12.651379595884125 2.2255001109003114
-12.58651473101926 2.2255001109003114
-12.651379595884125 2.176991743206884
-12.651379595884125 2.2255001109003114
-12.58651473101926 2.2255001109003114
-12.651379595884125 2.176991743206884
-12.651379595884125 2.2255001109003114
-12.58651473101926 2.2255001109003114
-12.651379595884125 2.176991743206884
-12.651379595884125 2.2255001109003114
-12.58651473101926 2.2255001109003114
-12.651379595884125 2.176991743206884
-12.651379595884125 2.2255001109003114
-12.58651473101926 2.2255001109003114
-12.651379595884125 2.176991743206884
-12.651379595884125 2.2255001109003114
-12.58651473101926 2.2255001109003114
-12.651379595884125 2.176991743206884
-12.651379595884125 2.2255001109003114
-12.58651473101926 2.2255001109003114
-12.651379595884125 2.176991743206884
-12.651379595884125 2.2255001109003114
-12.58651473101926 2.2255001109003114
-12.651379595884125 2.176991743206884
-12.651379595884125 2.2255001109003114
-12.58651473101926 2.2255001109003114
-12.651379595884125 2.176991743206884
-12.651379595884125 2.2255001109003114
-12.58651473101926 2.2255001109003114
-12.58863925390552 2.168404693568202
-12.58863925390552 2.2169130612616295
-12.523774389040655 2.2169130612616295
-12.58863925390552 2.168404693568202
-12.58863925390552 2.2169130612616295
-12.523774389040655 2.2169130612616295
-12.58863925390552 2.168404693568202
-12.58863925390552 2.2169130612616295
-12.523774389040655 2.2169130612616295
-12.58863925390552 2.168404693568202
-12.58863925390552 2.2169130612616295
-12.523774389040655 2.2169130612616295
-12.58863925390552 2.168404693568202
-12.58863925390552 2.2169130612616295
-12.523774389040655 2.2169130612616295
-12.58863925390552 2.168404693568202
-12.58863925390552 2.2169130612616295
-12.523774389040655 2.2169130612616295
-12.58863925390552 2.168404693568202
-12.58863925390552 2.2169130612616295
-12.523774389040655 2.2169130612616295
-12.58863925390552 2.168404693568202
-12.58863925390552 2.2169130612616295
-12.523774389040655 2.2169130612616295
-12.58863925390552 2.168404693568202
-12.58863925390552 2.2169130612616295
-12.523774389040655 2.2169130612616295
-12.58863925390552 2.168404693568202
-12.58863925390552 2.2169130612616295
-12.523774389040655 2.2169130612616295
-12.58863925390552 2.168404693568202
-12.58863925390552 2.2169130612616295
-12.523774389040655 2.2169130612616295
-12.58863925390552 2.168404693568202
-12.58863925390552 2.2169130612616295
-12.523774389040655 2.2169130612616295
-12.58863925390552 2.168404693568202
-12.58863925390552 2.2169130612616295
-12.523774389040655 2.2169130612616295
-12.58863925390552 2.168404693568202
-12.58863925390552 2.2169130612616295
-12.523774389040655 2.2169130612616295
-12.58863925390552 2.168404693568202
-12.58863925390552 2.2169130612616295
-12.523774389040655 2.2169130612616295
-12.58863925390552 2.168404693568202
-12.58863925390552 2.2169130612616295
-12.523774389040655 2.2169130612616295
-12.58863925390552 2.168404693568202
-12.58863925390552 2.2169130612616295
-12.523774389040655 2.2169130612616295
-12.58863925390552 2.168404693568202
-12.58863925390552 2.2169130612616295
-12.523774389040655 2.2169130612616295
-12.58863925390552 2.168404693568202
-12.58863925390552 2.2169130612616295
-12.523774389040655 2.2169130612616295
-12.58863925390552 2.168404693568202
-12.58863925390552 2.2169130612616295
-12.523774389040655 2.2169130612616295
-12.58863925390552 2.168404693568202
-12.58863925390552 2.2169130612616295
-12.523774389040655 2.2169130612616295
-12.58863925390552 2.168404693568202
-12.58863925390552 2.2169130612616295
-12.523774389040655 2.2169130612616295
-12.58863925390552 2.168404693568202
-12.58863925390552 2.2169130612616295
-12.523774389040655 2.2169130612616295
-12.58863925390552 2.168404693568202
-12.58863925390552 2.2169130612616295
-12.523774389040655 2.2169130612616295
-12.525898300243721 2.1598214985871516
-12.525898300243721 2.208329866280579
-12.461033435378857 2.208329866280579
-12.525898300243721 2.1598214985871516
-12.525898300243721 2.208329866280579
-12.461033435378857 2.208329866280579
-12.525898300243721 2.1598214985871516
-12.525898300243721 2.208329866280579
-12.461033435378857 2.208329866280579
-12.525898300243721 2.1598214985871516
-12.525898300243721 2.208329866280579
-12.461033435378857 2.208329866280579
-12.525898300243721 2.1598214985871516
-12.525898300243721 2.208329866280579
-12.461033435378857 2.208329866280579
-12.525898300243721 2.1598214985871516
-12.525898300243721 2.208329866280579
-12.461033435378857 2.208329866280579
-12.525898300243721 2.1598214985871516
-12.525898300243721 2.208329866280579
-12.461033435378857 2.208329866280579
-12.525898300243721 2.1598214985871516
-12.525898300243721 2.208329866280579
-12.461033435378857 2.208329866280579
-12.525898300243721 2.1598214985871516
-12.525898300243721 2.208329866280579
-12.461033435378857 2.208329866280579
-12.525898300243721 2.1598214985871516
-12.525898300243721 2.208329866280579
-12.461033435378857 2.208329866280579
-12.525898300243721 2.1598214985871516
-12.525898300243721 2.208329866280579
-12.461033435378857 2.208329866280579
-12.525898300243721 2.1598214985871516
-12.525898300243721 2.208329866280579
-12.461033435378857 2.208329866280579
-12.525898300243721 2.1598214985871516
-12.525898300243721 2.208329866280579
-12.461033435378857 2.208329866280579
-12.525898300243721 2.1598214985871516
-12.525898300243721 2.208329866280579
-12.461033435378857 2.208329866280579
-12.525898300243721 2.1598214985871516
-12.525898300243721 2.208329866280579
-12.461033435378857 2.208329866280579
-12.525898300243721 2.1598214985871516
-12.525898300243721 2.208329866280579
-12.461033435378857 2.208329866280579
-12.525898300243721 2.1598214985871516
-12.525898300243721 2.208329866280579
-12.461033435378857 2.208329866280579
-12.525898300243721 2.1598214985871516
-12.525898300243721 2.208329866280579
-12.461033435378857 2.208329866280579
-12.525898300243721 2.1598214985871516
-12.525898300243721 2.208329866280579
-12.461033435378857 2.208329866280579
-12.525898300243721 2.1598214985871516
-12.525898300243721 2.208329866280579
-12.461033435378857 2.208329866280579
-12.525898300243721 2.1598214985871516
-12.525898300243721 2.208329866280579
-12.461033435378857 2.208329866280579
-12.525898300243721 2.1598214985871516
-12.525898300243721 2.208329866280579
-12.461033435378857 2.208329866280579
-12.463156738069886 2.1512421353162714
-12.463156738069886 2.1997505030096987
-12.398291873205022 2.1997505030096987
-12.463156738069886 2.1512421353162714
-12.463156738069886 2.1997505030096987
-12.398291873205022 2.1997505030096987
-12.463156738069886 2.1512421353162714
-12.463156738069886 2.1997505030096987
-12.398291873205022 2.1997505030096987
-12.463156738069886 2.1512421353162714
-12.463156738069886 2.1997505030096987
-12.398291873205022 2.1997505030096987
-12.463156738069886 2.1512421353162714
-12.463156738069886 2.1997505030096987
-12.398291873205022 2.1997505030096987
-12.463156738069886 2.1512421353162714
-12.463156738069886 2.1997505030096987
-12.398291873205022 2.1997505030096987
-12.463156738069886 2.1512421353162714
-12.463156738069886 2.1997505030096987
-12.398291873205022 2.1997505030096987
-12.463156738069886 2.1512421353162714
-12.463156738069886 2.1997505030096987
-12.398291873205022 2.1997505030096987
-12.463156738069886 2.1512421353162714
-12.463156738069886 2.1997505030096987
-12.398291873205022 2.1997505030096987
-12.463156738069886 2.1512421353162714
-12.463156738069886 2.1997505030096987
-12.398291873205022 2.1997505030096987
-12.463156738069886 2.1512421353162714
-12.463156738069886 2.1997505030096987
-12.398291873205022 2.1997505030096987
-12.463156738069886 2.1512421353162714
-12.463156738069886 2.1997505030096987
-12.398291873205022 2.1997505030096987
-12.463156738069886 2.1512421353162714
-12.463156738069886 2.1997505030096987
-12.398291873205022 2.1997505030096987
-12.463156738069886 2.1512421353162714
-12.463156738069886 2.1997505030096987
-12.398291873205022 2.1997505030096987
-12.463156738069886 2.1512421353162714
-12.463156738069886 2.1997505030096987
-12.398291873205022 2.1997505030096987
-12.463156738069886 2.1512421353162714
-12.463156738069886 2.1997505030096987
-12.398291873205022 2.1997505030096987
-12.463156738069886 2.1512421353162714
-12.463156738069886 2.1997505030096987
-12.398291873205022 2.1997505030096987
-12.463156738069886 2.1512421353162714
-12.463156738069886 2.1997505030096987
-12.398291873205022 2.1997505030096987
-12.463156738069886 2.1512421353162714
-12.463156738069886 2.1997505030096987
-12.398291873205022 2.1997505030096987
-12.463156738069886 2.1512421353162714
-12.463156738069886 2.1997505030096987
-12.398291873205022 2.1997505030096987
-12.463156738069886 2.1512421353162714
-12.463156738069886 2.1997505030096987
-12.398291873205022 2.1997505030096987
-12.463156738069886 2.1512421353162714
-12.463156738069886 2.1997505030096987
-12.398291873205022 2.1997505030096987
-12.463156738069886 2.1512421353162714
-12.463156738069886 2.1997505030096987
-12.398291873205022 2.1997505030096987
-12.463156738069886 2.1512421353162714
-12.463156738069886 2.1997505030096987
-12.398291873205022 2.1997505030096987
-12.400414570551439 2.1426665808460776
-12.400414570551439 2.191174948539505
-12.335549705686574 2.191174948539505
-12.400414570551439 2.1426665808460776
-12.400414570551439 2.191174948539505
-12.335549705686574 2.191174948539505
-12.400414570551439 2.1426665808460776
-12.400414570551439 2.191174948539505
-12.335549705686574 2.191174948539505
-12.400414570551439 2.1426665808460776
-12.400414570551439 2.191174948539505
-12.335549705686574 2.191174948539505
-12.400414570551439 2.1426665808460776
-12.400414570551439 2.191174948539505
-12.335549705686574 2.191174948539505
-12.400414570551439 2.1426665808460776
-12.400414570551439 2.191174948539505
-12.335549705686574 2.191174948539505
-12.400414570551439 2.1426665808460776
-12.400414570551439 2.191174948539505
-12.335549705686574 2.191174948539505
-12.400414570551439 2.1426665808460776
-12.400414570551439 2.191174948539505
-12.335549705686574 2.191174948539505
-12.400414570551439 2.1426665808460776
-12.400414570551439 2.191174948539505
-12.335549705686574 2.191174948539505
-12.400414570551439 2.1426665808460776
-12.400414570551439 2.191174948539505
-12.335549705686574 2.191174948539505
-12.400414570551439 2.1426665808460776
-12.400414570551439 2.191174948539505
-12.335549705686574 2.191174948539505
-12.400414570551439 2.1426665808460776
-12.400414570551439 2.191174948539505
-12.335549705686574 2.191174948539505
-12.400414570551439 2.1426665808460776
-12.400414570551439 2.191174948539505
-12.335549705686574 2.191174948539505
-12.400414570551439 2.1426665808460776
-12.400414570551439 2.191174948539505
-12.335549705686574 2.191174948539505
-12.400414570551439 2.1426665808460776
-12.400414570551439 2.191174948539505
-12.335549705686574 2.191174948539505
-12.400414570551439 2.1426665808460776
-12.400414570551439 2.191174948539505
-12.335549705686574 2.191174948539505
-12.400414570551439 2.1426665808460776
-12.400414570551439 2.191174948539505
-12.335549705686574 2.191174948539505
-12.400414570551439 2.1426665808460776
-12.400414570551439 2.191174948539505
-12.335549705686574 2.191174948539505
-12.400414570551439 2.1426665808460776
-12.400414570551439 2.191174948539505
-12.335549705686574 2.191174948539505
-12.400414570551439 2.1426665808460776
-12.400414570551439 2.191174948539505
-12.335549705686574 2.191174948539505
-12.400414570551439 2.1426665808460776
-12.400414570551439 2.191174948539505
-12.335549705686574 2.191174948539505
-12.400414570551439 2.1426665808460776
-12.400414570551439 2.191174948539505
-12.335549705686574 2.191174948539505
-12.400414570551439 2.1426665808460776
-12.400414570551439 2.191174948539505
-12.335549705686574 2.191174948539505
-12.400414570551439 2.1426665808460776
-12.400414570551439 2.191174948539505
-12.335549705686574 2.191174948539505
-12.337671800855052 2.1340948123052534
-12.337671800855052 2.1826031799986807
-12.272806935990188 2.1826031799986807
-12.337671800855052 2.1340948123052534
-12.337671800855052 2.1826031799986807
-12.272806935990188 2.1826031799986807
-12.337671800855052 2.1340948123052534
-12.337671800855052 2.1826031799986807
-12.272806935990188 2.1826031799986807
-12.337671800855052 2.1340948123052534
-12.337671800855052 2.1826031799986807
-12.272806935990188 2.1826031799986807
-12.337671800855052 2.1340948123052534
-12.337671800855052 2.1826031799986807
-12.272806935990188 2.1826031799986807
-12.337671800855052 2.1340948123052534
-12.337671800855052 2.1826031799986807
-12.272806935990188 2.1826031799986807
-12.337671800855052 2.1340948123052534
-12.337671800855052 2.1826031799986807
-12.272806935990188 2.1826031799986807
-12.337671800855052 2.1340948123052534
-12.337671800855052 2.1826031799986807
-12.272806935990188 2.1826031799986807
-12.337671800855052 2.1340948123052534
-12.337671800855052 2.1826031799986807
-12.272806935990188 2.1826031799986807
-12.337671800855052 2.1340948123052534
-12.337671800855052 2.1826031799986807
-12.272806935990188 2.1826031799986807
-12.337671800855052 2.1340948123052534
-12.337671800855052 2.1826031799986807
-12.272806935990188 2.1826031799986807
-12.337671800855052 2.1340948123052534
-12.337671800855052 2.1826031799986807
-12.272806935990188 2.1826031799986807
-12.337671800855052 2.1340948123052534
-12.337671800855052 2.1826031799986807
-12.272806935990188 2.1826031799986807
-12.337671800855052 2.1340948123052534
-12.337671800855052 2.1826031799986807
-12.272806935990188 2.1826031799986807
-12.337671800855052 2.1340948123052534
-12.337671800855052 2.1826031799986807
-12.272806935990188 2.1826031799986807
-12.337671800855052 2.1340948123052534
-12.337671800855052 2.1826031799986807
-12.272806935990188 2.1826031799986807
-12.337671800855052 2.1340948123052534
-12.337671800855052 2.1826031799986807
-12.272806935990188 2.1826031799986807
-12.337671800855052 2.1340948123052534
-12.337671800855052 2.1826031799986807
-12.272806935990188 2.1826031799986807
-12.337671800855052 2.1340948123052534
-12.337671800855052 2.1826031799986807
-12.272806935990188 2.1826031799986807
-12.337671800855052 2.1340948123052534
-12.337671800855052 2.1826031799986807
-12.272806935990188 2.1826031799986807
-12.337671800855052 2.1340948123052534
-12.337671800855052 2.1826031799986807
-12.272806935990188 2.1826031799986807
-12.337671800855052 2.1340948123052534
-12.337671800855052 2.1826031799986807
-12.272806935990188 2.1826031799986807
-12.337671800855052 2.1340948123052534
-12.337671800855052 2.1826031799986807
-12.272806935990188 2.1826031799986807
-12.337671800855052 2.1340948123052534
-12.337671800855052 2.1826031799986807
-12.272806935990188 2.1826031799986807
-12.274928432146666 2.125526806859948
-12.274928432146666 2.1740351745533752
-12.210063567281802 2.1740351745533752
-12.274928432146666 2.125526806859948
-12.274928432146666 2.1740351745533752
-12.210063567281802 2.1740351745533752
-12.274928432146666 2.125526806859948
-12.274928432146666 2.1740351745533752
-12.210063567281802 2.1740351745533752
-12.274928432146666 2.125526806859948
-12.274928432146666 2.1740351745533752
-12.210063567281802 2.1740351745533752
-12.274928432146666 2.125526806859948
-12.274928432146666 2.1740351745533752
-12.210063567281802 2.1740351745533752
-12.274928432146666 2.125526806859948
-12.274928432146666 2.1740351745533752
-12.210063567281802 2.1740351745533752
-12.274928432146666 2.125526806859948
-12.274928432146666 2.1740351745533752
-12.210063567281802 2.1740351745533752
-12.274928432146666 2.125526806859948
-12.274928432146666 2.1740351745533752
-12.210063567281802 2.1740351745533752
-12.274928432146666 2.125526806859948
-12.274928432146666 2.1740351745533752
-12.210063567281802 2.1740351745533752
-12.274928432146666 2.125526806859948
-12.274928432146666 2.1740351745533752
-12.210063567281802 2.1740351745533752
-6.186433435189142 1.308859220911699
-6.186433435189142 1.357367588605126
-6.121568570324277 1.357367588605126
17.351694133926674 -1.8648713264368089
17.351694133926674 -1.8163629587433818
17.41655899879154 -1.8163629587433818
